      1) Ceres                                 2018 03 23.0 352.2305  2.767046 0.075535  73.1153  80.3099  10.5935   3.34  0.12
      3) Juno                                  2018 03 23.0 304.4800  2.668851 0.256888 248.1819 169.8587  12.9897   5.33  0.32
      4) Vesta                                 2018 03 23.0 347.1859  2.362104 0.089068 150.7614 103.8152   7.1407   3.20  0.32
      5) Astraea                               2018 03 23.0 186.8309  2.573487 0.191359 358.7462 141.5837   5.3677   6.85  0.15
      6) Hebe                                  2018 03 23.0 341.7820  2.425154 0.202881 239.8495 138.6476  14.7371   5.71  0.24
      8) Flora                                 2018 03 23.0  74.1537  2.201106 0.156951 285.2764 110.9000   5.8868   6.49  0.28
      9) Metis                                 2018 03 23.0 169.9854  2.386836 0.122538   6.3216  68.9090   5.5766   6.28  0.17
     10) Hygiea                                2018 03 23.0  81.5598  3.140234 0.112668 312.1066 283.2161   3.8317   5.43  0.15
     11) Parthenope                            2018 03 23.0 175.9940  2.452165 0.100570 195.8059 125.5586   4.6300   6.55  0.15
     12) Victoria                              2018 03 23.0  22.8380  2.333942 0.219987  69.6072 235.4112   8.3731   7.24  0.22
     13) Egeria                                2018 03 23.0  92.0004  2.577942 0.084189  80.7569  43.2361  16.5403   6.74  0.15
     14) Irene                                 2018 03 23.0  70.0224  2.585808 0.166750  97.9228  86.1233   9.1214   6.30  0.15
     15) Eunomia                               2018 03 23.0 192.2549  2.646315 0.186153  98.0035 293.0425  11.7335   5.28  0.23
     16) Psyche                                2018 03 23.0 210.4849  2.927743 0.133906 227.8987 150.1905   3.0951   5.90  0.20
     18) Melpomene                             2018 03 23.0 154.0382  2.295429 0.218619 227.8395 150.4647  10.1324   6.51  0.25
     19) Fortuna                               2018 03 23.0  94.0102  2.441555 0.158667 182.0589 211.1448   1.5739   7.13  0.10
     21) Lutetia                               2018 03 23.0 240.6210  2.435382 0.164097 249.9181  80.8713   3.0638   7.35  0.11
     22) Kalliope                              2018 03 23.0 118.3254  2.910709 0.098901 355.1532  66.0593  13.7172   6.45  0.21
     23) Thalia                                2018 03 23.0 243.1221  2.625319 0.235164  60.6846  66.8478  10.1143   6.95  0.15
     26) Proserpina                            2018 03 23.0  14.4896  2.655034 0.090481 193.5059  45.7810   3.5636   7.4   0.15
     27) Euterpe                               2018 03 23.0 225.5417  2.346118 0.173207 356.5322  94.7880   1.5837   7.0   0.15
     29) Amphitrite                            2018 03 23.0 187.9700  2.555580 0.072156  63.0359 356.3745   6.0823   5.85  0.20
     30) Urania                                2018 03 23.0 280.6711  2.365059 0.127387  87.4702 307.4772   2.0959   7.57  0.15
     32) Pomona                                2018 03 23.0 297.2953  2.587353 0.080420 339.4400 220.4416   5.5247   7.56  0.15
     37) Fides                                 2018 03 23.0 249.6453  2.641540 0.175482  62.9257   7.2682   3.0712   7.29  0.24
     39) Laetitia                              2018 03 23.0 216.6940  2.771403 0.112095 208.4816 157.0716  10.3698   6.0   0.15
     40) Harmonia                              2018 03 23.0 351.9225  2.267181 0.046833 269.8719  94.1911   4.2572   7.0   0.15
     43) Ariadne                               2018 03 23.0  17.4783  2.203021 0.168262  16.1914 264.8156   3.4712   7.93  0.11
     45) Eugenia                               2018 03 23.0 310.0263  2.720032 0.084137  88.6658 147.6702   6.6035   7.46  0.07
     46) Hestia                                2018 03 23.0 331.6737  2.525227 0.171766 177.4252 181.0911   2.3498   8.36  0.06
     47) Aglaja                                2018 03 23.0 331.7473  2.880999 0.129701 314.5859   3.0829   4.9756   7.84  0.16
     51) Nemausa                               2018 03 23.0 347.6190  2.365273 0.066965   2.6673 176.0162   9.9802   7.35  0.08
     52) Europa                                2018 03 23.0 164.5745  3.093361 0.110186 343.6827 128.6081   7.4782   6.31  0.18
     63) Ausonia                               2018 03 23.0  33.3281  2.394813 0.126868 295.8134 337.7417   5.7764   7.55  0.25
     70) Panopaea                              2018 03 23.0 337.3127  2.615693 0.180418 255.3176  47.6960  11.5953   8.11  0.14
     80) Sappho                                2018 03 23.0 343.9213  2.295694 0.199845 139.6798 218.6984   8.6758   7.98  0.15
     88) Thisbe                                2018 03 23.0 323.6455  2.769375 0.161710  36.1394 276.4633   5.2135   7.04  0.14
    115) Thyra                                 2018 03 23.0 269.2877  2.379118 0.192933  97.1704 308.8007  11.5933   7.51  0.12
    128) Nemesis                               2018 03 23.0 345.4873  2.749703 0.127236 303.8221  76.2431   6.2453   7.49  0.15
    140) Siwa                                  2018 03 23.0 331.4934  2.734062 0.214143 196.6641 107.1821   3.1853   8.34  0.15
    144) Vibilia                               2018 03 23.0 276.2934  2.655463 0.234382 294.5409  76.1961   4.8142   7.91  0.17
    145) Adeona                                2018 03 23.0   8.9312  2.672825 0.144119  44.0850  77.4129  12.6353   8.13  0.15
    148) Gallia                                2018 03 23.0 278.5794  2.770813 0.186834 252.7875 145.0108  25.2907   7.63  0.15
    173) Ino                                   2018 03 23.0 307.2674  2.742487 0.208458 228.8851 148.1795  14.1965   7.66  0.01
    187) Lamberta                              2018 03 23.0 348.7262  2.727859 0.241680 196.9367  21.7071  10.5878   8.16  0.15
    192) Nausikaa                              2018 03 23.0 252.4948  2.404122 0.244978  30.5290 343.1391   6.7976   7.13  0.03
    196) Philomela                             2018 03 23.0  21.0649  3.112682 0.015952 198.7051  72.3229   7.2631   6.54  0.15
    198) Ampella                               2018 03 23.0 283.9350  2.459468 0.226839  89.0802 268.2612   9.3200   8.33  0.15
    230) Athamantis                            2018 03 23.0 275.9484  2.381866 0.061357 140.1469 239.8540   9.4510   7.35  0.27
    346) Hermentaria                           2018 03 23.0 315.1052  2.795642 0.101648 292.1459  91.9460   8.7521   7.13  0.15
    354) Eleonora                              2018 03 23.0 250.0545  2.798886 0.114287   5.5513 140.3656  18.3983   6.44  0.37
    511) Davida                                2018 03 23.0 263.8536  3.163645 0.188089 337.5486 107.6049  15.9389   6.22  0.16
    584) Semiramis                             2018 03 23.0 327.7069  2.373455 0.233296  85.4740 282.0395  10.7232   8.71  0.24
    674) Rachele                               2018 03 23.0 266.0315  2.921868 0.195523  41.9396  58.1386  13.5101   7.42  0.15