 1.16219  35.6206    2.065  42.3297 +0.178 -0.114 +0.045 -0.052
 0.13981  29.0906  0.65547  30.8608 +0.136 -0.163 +0.136 -0.091
23.03203  42.3261 23.62608  46.4581 +0.023 -0.006 +0.162 -0.421
23.62608  46.4581  0.94589  38.4994 +0.162 -0.421 +0.152 +0.033
 0.61469  33.7194  0.13981  29.0906 +0.015 -0.004 +0.136 -0.163
 0.65547  30.8608  1.16219  35.6206 +0.136 -0.091 +0.178 -0.114
 0.94589  38.4994  1.15839  47.2419 +0.152 +0.033 +0.010 -0.009
 0.94589  38.4994  0.61469  33.7194 +0.152 +0.033 +0.015 -0.004
10.45253 -31.0678 10.94531 -37.1378 -0.075 +0.011 +0.077 -0.128
10.45253 -31.0678  9.48742 -35.9514 -0.075 +0.011 -0.022 +0.001
14.79767 -79.0447 16.33911 -78.6958 -0.012 -0.015 -0.014 -0.035
16.33911 -78.6958  16.5575 -78.8972 -0.014 -0.035 -0.131 -0.076
16.33911 -78.6958 16.71794 -77.5175 -0.014 -0.035 -0.287 -0.350
 16.5575 -78.8972 16.71794 -77.5175 -0.131 -0.076 -0.287 -0.350
18.99372  15.0683 19.09017  13.8633 -0.051 -0.073 -0.005 -0.096
  19.028  -5.7389 19.10414  -4.8825 -0.019 -0.033 -0.017 -0.090
19.09017  13.8633   19.771  10.6133 -0.005 -0.096 +0.018 -0.002
19.10414  -4.8825 19.42497   3.1147 -0.017 -0.090 +0.257 +0.082
19.42497   3.1147   19.771  10.6133 +0.257 +0.082 +0.018 -0.002
19.61203  -1.2864 19.10414  -4.8825 +0.004 -0.018 -0.017 -0.090
  19.771  10.6133 19.84639   8.8683 +0.018 -0.002 +0.538 +0.386
19.84639   8.8683 19.92189   6.4067 +0.538 +0.386 +0.048 -0.482
19.87456   1.0056 19.61203  -1.2864 +0.011 -0.007 +0.004 -0.018
19.92189   6.4067 20.18842  -0.8214 +0.048 -0.482 +0.038 +0.004
20.18842  -0.8214 19.87456   1.0056 +0.038 +0.004 +0.011 -0.007
20.79461  -9.4958 21.52597  -5.5711 +0.035 -0.034 +0.021 -0.008
21.52597  -5.5711 22.05525  -2.1553 +0.021 -0.008 +0.028 -0.012
22.05525  -2.1553 22.36094  -1.3872 +0.028 -0.012 +0.132 +0.007
22.36094  -1.3872 22.48047  -0.0203 +0.132 +0.007 +0.181 +0.009
22.48047  -0.0203 22.42128   1.3775 +0.181 +0.009 +0.019 +0.001
22.48047  -0.0203 22.58928  -0.1175 +0.181 +0.009 +0.091 -0.056
22.48047  -0.0203 22.87692  -7.5797 +0.181 +0.009 +0.011 +0.037
22.82653 -13.5925 22.91083 -15.8208 -0.012 -0.038 -0.040 -0.025
22.87692  -7.5797 22.82653 -13.5925 +0.011 +0.037 -0.012 -0.038
22.91083 -15.8208 23.15744 -21.1725 -0.040 -0.025 +0.055 +0.031
23.15744 -21.1725 23.43411 -20.6419 +0.055 +0.031 -0.052 -0.058
23.23872  -6.0489 22.87692  -7.5797 +0.042 -0.196 +0.011 +0.037
23.31603  -9.6108 23.23872  -6.0489 +0.047 -0.002 +0.042 -0.196
23.43411 -20.6419 23.76692 -18.6781 -0.052 -0.058 +0.134 +0.030
23.71203  -14.545 23.31603  -9.6108 +0.101 -0.066 +0.047 -0.002
23.76692 -18.6781 23.71203  -14.545 +0.134 +0.030 +0.101 -0.066
  16.977 -55.9903 16.82975 -59.0414 -0.019 -0.036 +0.038 -0.028
  16.977 -55.9903 16.99308 -53.1606 -0.019 -0.036 +0.004 +0.017
17.42167   -55.53   16.977 -55.9903 -0.008 -0.025 -0.019 -0.036
17.42167   -55.53 17.42322 -56.3775 -0.008 -0.025 -0.002 -0.012
17.42322 -56.3775 17.51831 -60.6839 -0.002 -0.012 -0.059 -0.096
17.53069 -49.8761 17.42167   -55.53 -0.031 -0.070 -0.008 -0.025
18.11053 -50.0917 17.53069 -49.8761 -0.010 -0.014 -0.031 -0.070
 1.89217  19.2936  1.91067  20.8081 +0.079 -0.104 +0.096 -0.111
 1.91067  20.8081  2.11956  23.4625 +0.096 -0.111 +0.190 -0.148
 2.11956  23.4625  3.19383  19.7267 +0.190 -0.148 +0.152 -0.011
 4.94989  33.1661  5.10858  41.2344 +0.003 -0.018 +0.029 -0.068
 5.10858  41.2344  5.27817  45.9981 +0.029 -0.068 +0.076 -0.425
 5.27817  45.9981  5.99211  54.2847 +0.076 -0.425 +0.081 -0.125
 5.43819  28.6075  4.94989  33.1661 +0.022 -0.175 +0.003 -0.018
 5.99214  44.9475  5.27817  45.9981 -0.057  0.000 +0.076 -0.425
 5.99214  44.9475  5.99536  37.2125 -0.057  0.000 +0.048 -0.081
 5.99211  54.2847  5.99892  45.9369 +0.081 -0.125  0.000 -0.005
 5.99536  37.2125  5.43819  28.6075 +0.048 -0.081 +0.022 -0.175
 5.99892  45.9369  5.99214  44.9475  0.000 -0.005 -0.057  0.000
13.91142  18.3978 13.82461  15.7978 -0.063 -0.358 -0.095 +0.042
14.26103  19.1825 13.91142  18.3978 -1.093 -1.998 -0.063 -0.358
14.26103  19.1825  14.5305  30.3714 -1.093 -1.998 -0.100 +0.119
14.26103  19.1825 14.68581  13.7283 -1.093 -1.998 +0.053 -0.016
14.27306  46.0883 14.41994  51.8508 -0.187 +0.161 -0.236 -0.397
 14.5305  30.3714 14.53464  38.3083 -0.100 +0.119 -0.114 +0.153
14.53464  38.3083 14.27306  46.0883 -0.114 +0.153 -0.187 +0.161
14.53464  38.3083 15.03244  40.3906 -0.114 +0.153 -0.041 -0.028
14.74978  27.0742 14.26103  19.1825 -0.049 +0.021 -1.093 -1.998
15.03244  40.3906 15.25839  33.3147 -0.041 -0.028 +0.086 -0.112
15.25839  33.3147 14.74978  27.0742 +0.086 -0.112 -0.049 +0.021
 4.51392 -44.9539  4.67603 -41.8639 +0.007 -0.008 -0.141 -0.077
 4.67603 -41.8639  4.70097 -37.1444 -0.141 -0.077 +0.049 +0.193
 4.70097 -37.1444  5.07344 -35.4833 +0.049 +0.193 +0.129 -0.051
 3.83931  71.3322  4.90083  66.3428 +0.017 -0.042  0.000 +0.006
 4.90083  66.3428  5.05697  60.4422  0.000 +0.006 -0.006 -0.016
 4.90083  66.3428  6.21419  65.7183  0.000 +0.006 +0.006 -0.033
 5.05697  60.4422  4.95478  53.7522 -0.006 -0.016 -0.024 +0.007
 6.21419  65.7183  6.89506  68.8883 +0.006 -0.033 +0.003 +0.008
20.29414 -12.5083 20.35019 -14.7814 +0.023 +0.001 +0.042 +0.002
20.35019 -14.7814 20.76825 -25.2708 +0.042 +0.002 -0.050 -0.157
20.76825 -25.2708 20.86369 -26.9192 -0.050 -0.157 -0.006 -0.001
20.86369 -26.9192 21.11881 -25.0058 -0.006 -0.001 -0.023 -0.043
21.09911 -17.2328 20.30092 -12.5447 +0.083 -0.060 +0.064 +0.004
21.11881 -25.0058 21.44444 -22.4114 -0.023 -0.043 +0.001 +0.023
21.37078 -16.8344 21.09911 -17.2328 +0.033 +0.004 +0.083 -0.060
21.44444 -22.4114   21.618 -19.4661 +0.001 +0.023 +0.015 +0.003
  21.618 -19.4661   21.784 -16.1272 +0.015 +0.003 +0.263 -0.297
21.66819 -16.6622 21.37078 -16.8344 +0.190 -0.023 +0.033 +0.004
  21.784 -16.1272 21.66819 -16.6622 +0.263 -0.297 +0.190 -0.023
10.22894 -70.0381     9.22 -69.7172 -0.039 +0.007 -0.162 +0.108
10.45678 -57.6389 10.53372 -61.6853 -0.013  0.000 -0.019 +0.009
10.53372 -61.6853 10.71594 -64.3944 -0.019 +0.009 -0.023 +0.010
10.71594 -64.3944 10.22894 -70.0381 -0.023 +0.010 -0.039 +0.007
 6.39919 -52.6958  7.94631 -52.9822 +0.022 +0.021 -0.029 +0.021
 7.94631 -52.9822  8.37522 -59.5097 -0.029 +0.021 -0.026 +0.014
 8.37522 -59.5097  9.18278 -58.9669 -0.026 +0.014 -0.026 +0.008
 8.37522 -59.5097  9.36856 -55.0108 -0.026 +0.014 -0.008 +0.009
    9.22 -69.7172  9.78503 -65.0719 -0.162 +0.108 -0.012 +0.011
 9.28483 -59.2753 10.45678 -57.6389 -0.020 +0.008 -0.013  0.000
 9.78503 -65.0719  9.28483 -59.2753 -0.012 +0.011 -0.020 +0.008
 1.43028  60.2353  1.90658    63.67 +0.297 -0.051 +0.032 -0.021
 0.15297  59.1497  0.67514  56.5372 +0.525 -0.181 +0.053 -0.032
 0.67514  56.5372  0.94514  60.7167 +0.053 -0.032 +0.026 -0.005
 0.94514  60.7167  1.43028  60.2353 +0.026 -0.005 +0.297 -0.051
11.35011 -54.4911 12.13931 -50.7225 -0.036 -0.006 -0.034 -0.008
11.59633 -63.0197 11.35011 -54.4911 -0.041 -0.005 -0.036 -0.006
12.13931 -50.7225 12.69194 -48.9597 -0.034 -0.008 -0.189 -0.005
12.69194 -48.9597 13.34328 -36.7122 -0.189 -0.005 -0.341 -0.085
13.34328 -36.7122 14.11139   -36.37 -0.341 -0.085 -0.519 -0.519
13.66478 -53.4664 12.69194 -48.9597 -0.028 -0.016 -0.189 -0.005
13.66478 -53.4664 14.06372 -60.3731 -0.028 -0.016 -0.032 -0.019
13.92567 -47.2883 13.66478 -53.4664 -0.057 -0.042 -0.028 -0.016
14.06372 -60.3731 14.65997 -60.8353 -0.032 -0.019 -3.642 +0.699
14.11139   -36.37 14.59178 -42.1578 -0.519 -0.519 -0.035 -0.035
14.59178 -42.1578 13.92567 -47.2883 -0.035 -0.035 -0.057 -0.042
14.59178 -42.1578 14.98603 -42.1042 -0.035 -0.035 -0.019 -0.024
21.30967  62.5856 22.18092  58.2011 +0.151 +0.049 +0.015 +0.004
21.47767  70.5608 21.30967  62.5856 +0.010 +0.007 +0.151 +0.049
21.47767  70.5608   22.828  66.2006 +0.010 +0.007 -0.065 -0.125
22.18092  58.2011   22.828  66.2006 +0.015 +0.004 -0.065 -0.125
  22.828  66.2006 23.65578  77.6325 -0.065 -0.125 -0.067 +0.151
23.65578  77.6325 21.47767  70.5608 -0.067 +0.151 +0.010 +0.007
 1.14317 -10.1822  1.40039  -8.1833 +0.218 -0.138 -0.079 -0.218
 1.40039  -8.1833  1.85767  -10.335 -0.079 -0.218 +0.041 -0.039
 1.73447 -15.9375  2.00008 -21.0778 -1.718 +0.856 +0.135 -0.024
 1.85767  -10.335  1.73447 -15.9375 +0.041 -0.039 -1.718 +0.856
 1.85767  -10.335  2.32242  -2.9775 +0.041 -0.039 -0.008 -0.237
 1.85767  -10.335  2.73539 -13.8586 +0.041 -0.039 -0.008 -0.015
 2.32242  -2.9775  2.65806   0.3286 -0.008 -0.237 +0.014 -0.004
 2.46931     8.46  2.72167   3.2358 +0.040 -0.009 -0.142 -0.152
 2.65806   0.3286  2.72167   3.2358 +0.014 -0.004 -0.142 -0.152
 2.72167   3.2358    3.038   4.0897 -0.142 -0.152 -0.009 -0.078
 2.74903  10.1142  2.46931     8.46 +0.284 -0.036 +0.040 -0.009
 2.99525   8.9075  2.74903  10.1142 +0.004 -0.014 +0.284 -0.036
   3.038   4.0897  2.99525   8.9075 -0.009 -0.078 +0.004 -0.014
 0.32381  -8.8239   0.7265 -17.9867 -0.014 -0.036 +0.234 +0.033
  0.7265 -17.9867  1.14317 -10.1822 +0.234 +0.033 +0.218 -0.138
14.70844 -64.9753 15.29189 -58.8011 -0.192 -0.232 -0.100 -0.137
14.70844 -64.9753 15.38964 -59.3208 -0.192 -0.232 -0.016 -0.038
 6.75247 -16.7161  6.37833 -17.9558 -0.553 -1.205 -0.006  0.000
 6.75247 -16.7161  7.05042 -23.8333 -0.553 -1.205 -0.004 +0.003
 6.97708 -28.9722  6.33856 -30.0633 +0.004 +0.003 +0.009 +0.003
 7.02864 -27.9347  6.97708 -28.9722 -0.005 +0.005 +0.004 +0.003
 7.05042 -23.8333  7.13986 -26.3933 -0.004 +0.003 -0.003 +0.004
 7.06264 -15.6333  6.75247 -16.7161 -0.002 -0.008 -0.553 -1.205
 7.13986 -26.3933  7.02864 -27.9347 -0.003 +0.004 -0.005 +0.005
 7.13986 -26.3933  7.40158 -29.3031 -0.003 +0.004 -0.004 +0.005
 7.65503    5.225   7.4525   8.2894 -0.710 -1.023 -0.052 -0.038
 8.72142  21.4686  8.77828    28.76 -0.106 -0.039 -0.025 -0.042
 8.74475  18.1542  8.27525   9.1856 -0.018 -0.228 -0.044 -0.049
 8.74475  18.1542  8.72142  21.4686 -0.018 -0.228 -0.106 -0.039
 8.97478  11.8578  8.74475  18.1542 +0.034 -0.031 -0.018 -0.228
 5.52019 -35.4706  5.66081 -34.0742 +0.022 -0.035 +0.007 -0.026
 5.66081 -34.0742  5.84933 -35.7683 +0.007 -0.026 +0.059 +0.401
 5.84933 -35.7683  5.95894 -35.2833 +0.059 +0.401  0.000 +0.009
 5.84933 -35.7683  5.98578 -42.8153 +0.059 +0.401 +0.022 -0.014
 5.95894 -35.2833  6.36856 -33.4364  0.000 +0.009 -0.024 -0.055
10.99625 -18.2989 10.82708 -16.1936 -0.460 +0.130 +0.094 +0.200
10.99625 -18.2989 11.32236 -14.7786 -0.460 +0.130 -0.122 +0.208
11.19431 -22.8258 11.41469 -17.6839 +0.003 -0.100 -0.098 +0.004
11.19431 -22.8258 10.99625 -18.2989 +0.003 -0.100 -0.460 +0.130
11.32236 -14.7786 11.41017 -10.8594 -0.122 +0.208 -0.028 +0.027
11.41017 -10.8594 11.61136  -9.8022 -0.028 +0.027 -0.061 +0.008
11.41469 -17.6839 11.32236 -14.7786 -0.098 +0.004 -0.122 +0.208
11.74606 -18.3508 11.41469 -17.6839 +0.031 -0.030 -0.098 +0.004
11.93358 -17.1508 11.74606 -18.3508 -0.051 -0.006 +0.031 -0.030
18.55839 -42.3125 18.81403   -43.68 +0.031 -0.022 +0.025 -0.019
18.81403   -43.68 19.05192 -42.0953 +0.025 -0.019 +0.061 -0.049
19.05192 -42.0953 19.13914 -40.4967 +0.061 -0.049 +0.037 -0.026
19.10697 -37.0633 18.97872 -37.1075 +0.096 -0.274 -0.132 -0.105
19.13914 -40.4967 19.16714 -39.3408 +0.037 -0.026 +0.003 -0.038
19.15786 -37.9044 19.10697 -37.0633 +0.084 -0.098 +0.096 -0.274
19.16714 -39.3408 19.15786 -37.9044 +0.003 -0.038 +0.084 -0.098
12.51942 -57.1133 12.44331 -63.0992 +0.023 -0.262 -0.036 -0.012
12.79533 -59.6886 12.25242 -58.7489 -0.048 -0.014 -0.041 -0.009
12.14022 -24.7289 12.16875 -22.6197 +0.086 -0.040 -0.071 +0.014
12.16875 -22.6197 12.57311 -23.3967 -0.071 +0.014 +0.002 -0.054
12.26344 -17.5419 12.16875 -22.6197 -0.161 +0.023 -0.071 +0.014
12.49775 -16.5156 12.26344 -17.5419 -0.210 -0.138 -0.161 +0.023
12.57311 -23.3967 12.49775 -16.5156 +0.002 -0.054 -0.210 -0.138
12.93381  38.3183 12.56236  41.3575 -0.234 +0.056 -0.705 +0.292
12.93381  38.3183 13.29236  40.5725 -0.234 +0.056 -0.125 +0.021
19.93844  35.0833 19.51203  27.9597 -0.032 -0.027 +0.002 -0.002
20.37047  40.2567 19.74958  45.1308 +0.004  0.000 +0.053 +0.047
20.37047  40.2567 19.93844  35.0833 +0.004  0.000 -0.032 -0.027
20.37047  40.2567 20.77019  33.9703 +0.004  0.000 +0.356 +0.328
20.69053  45.2803 20.37047  40.2567 +0.003 +0.002 +0.004  0.000
20.62583  14.5953 20.55356  11.3033 +0.113 -0.033 +0.013 -0.022
20.62583  14.5953 20.66064  15.9119 +0.113 -0.033 +0.066 -0.002
20.66064  15.9119 20.77764  16.1242 +0.066 -0.002 -0.032 -0.197
20.72431  15.0744 20.62583  14.5953 -0.019 -0.043 +0.113 -0.033
20.77764  16.1242 20.72431  15.0744 -0.032 -0.197 -0.019 -0.043
 4.56661  -55.045  4.26711 -51.4867 +0.051 -0.003 +0.106 +0.182
 5.56042 -62.4897  4.56661  -55.045 +0.002 +0.009 +0.051 -0.003
 5.74622 -65.7356  5.56042 -62.4897 -0.031 +0.008 +0.002 +0.009
12.55806  69.7883 11.52339  69.3311 -0.059 +0.012 -0.039 -0.017
14.07314  64.3758 12.55806  69.7883 -0.055 +0.018 -0.059 +0.012
 15.4155  58.9661 14.07314  64.3758 -0.009 +0.017 -0.055 +0.018
16.03147  58.5653  15.4155  58.9661 -0.320 +0.335 -0.009 +0.017
16.39986  61.5142 16.03147  58.5653 -0.017 +0.061 -0.320 +0.335
17.14644  65.7147 16.39986  61.5142 -0.020 +0.022 -0.017 +0.061
17.14644  65.7147 18.34597  71.3378 -0.020 +0.022 -0.004 +0.040
17.50722  52.3014 17.53778  55.1731 -0.016 +0.015 +0.148 +0.056
17.53778  55.1731 17.89214  56.8728 +0.148 +0.056 +0.094 +0.080
17.89214  56.8728 17.94344  51.4889 +0.094 +0.080 -0.008 -0.019
17.89214  56.8728 18.85336  59.3883 +0.094 +0.080 +0.079 +0.027
17.94344  51.4889 17.50722  52.3014 -0.008 -0.019 -0.016 +0.015
18.34597  71.3378 19.20925  67.6617 -0.004 +0.040 +0.094 +0.093
18.35094  72.7328 17.14644  65.7147 +0.532 -0.350 -0.020 +0.022
18.85336  59.3883 20.04697  67.8736 +0.079 +0.027 +0.016 +0.046
19.20925  67.6617 19.34447  65.7147 +0.094 +0.093 +0.012 +0.045
19.25917  73.3556 18.35094  72.7328 -0.140 +0.107 +0.532 -0.350
19.34447  65.7147 17.89214  56.8728 +0.012 +0.045 +0.094 +0.080
19.80289  70.2678 19.25917  73.3556 +0.082 +0.037 -0.140 +0.107
20.04697  67.8736 19.80289  70.2678 +0.016 +0.046 +0.082 +0.037
21.24136  10.0069 21.17236  10.1317 +0.049 -0.305 +0.057 -0.153
21.26372   5.2478 21.24136  10.0069 +0.059 -0.088 +0.049 -0.305
 1.62858 -57.2367  1.93264 -51.6089 +0.095 -0.035 +0.681 +0.292
 1.93264 -51.6089  2.27517 -51.5122 +0.681 +0.292 +0.096 -0.027
 2.27517 -51.5122  2.44975 -47.7039 +0.096 -0.027 +0.023 -0.010
 2.44975 -47.7039  2.66333 -42.8917 +0.023 -0.010 +0.106 -0.027
 2.66333 -42.8917  2.67778 -39.8556 +0.106 -0.027 +0.138 -0.032
 2.67778 -39.8556  2.97103 -40.3047 +0.138 -0.032 -0.045 +0.019
 2.73539 -13.8586  2.94047  -8.8981 -0.008 -0.015 +0.079 -0.220
 2.75172 -18.5725  2.73539 -13.8586 +0.330 +0.038 -0.008 -0.015
 2.75172 -18.5725  3.03986 -23.6244 +0.330 +0.038 -0.145 -0.054
 2.94047  -8.8981  3.26389  -8.8197 +0.079 -0.220 -0.002 +0.046
 2.97103 -40.3047  3.71392 -37.3136 -0.045 +0.019 -0.088 -0.077
 3.03986 -23.6244  3.32528 -21.7578 -0.145 -0.054 +0.052 +0.033
 3.26389  -8.8197  3.54883  -9.4583 -0.002 +0.046 -0.974 +0.021
 3.32528 -21.7578  3.56314 -21.6328 +0.052 +0.033 +0.048 -0.027
 3.54883  -9.4583  3.72081  -9.7633 -0.974 +0.021 -0.092 +0.745
 3.56314 -21.6328  3.78081 -23.2497 +0.048 -0.027 -0.158 -0.529
 3.72081  -9.7633  3.76903 -12.1017 -0.092 +0.745 +0.048 +0.058
 3.76903 -12.1017  3.96717 -13.5086 +0.048 +0.058 +0.061 -0.111
 3.78081 -23.2497  3.89517 -24.6125 -0.158 -0.529 +0.023 -0.016
 3.80983 -37.6222  3.71392 -37.3136 +0.059 -0.013 -0.088 -0.077
 3.89517 -24.6125  3.99875 -24.0164 +0.023 -0.016 +0.015 +0.015
 3.96717 -13.5086  4.19775  -6.8375 +0.061 -0.111 +0.010 +0.082
 3.99875 -24.0164   4.5585 -29.7667 +0.015 +0.015 -0.102 -0.275
 4.19775  -6.8375  4.60531  -3.3525 +0.010 +0.082 +0.002 -0.005
 4.29825 -33.7983  3.80983 -37.6222 +0.067 -0.008 +0.059 -0.013
 4.40061 -34.0169  4.29825 -33.7983 +0.069 +0.051 +0.067 -0.008
  4.5585 -29.7667   4.5925 -30.5622 -0.102 -0.275 -0.045 -0.012
  4.5925 -30.5622  4.40061 -34.0169 -0.045 -0.012 +0.069 +0.051
 4.60531  -3.3525  4.75836  -3.2547 +0.002 -0.005 +0.016 -0.013
 4.75836  -3.2547  5.13083  -5.0864 +0.016 -0.013 -0.095 -0.081
 6.24794  22.5067  6.06867  23.2633 -0.068 -0.012 -0.008 -0.100
 6.38267  22.5136  6.24794  22.5067 +0.054 -0.111 -0.068 -0.012
 6.62853  16.3992  7.06847  20.5703 +0.042 -0.042 -0.009  0.000
 6.73219  25.1311  6.38267  22.5136 -0.006 -0.013 +0.054 -0.111
 6.75483  12.8956  6.62853  16.3992 -0.116 -0.191 +0.042 -0.042
 7.06847  20.5703  7.33539  21.9822 -0.009  0.000 -0.026 -0.012
 7.33539  21.9822  7.75525  28.0261 -0.026 -0.012 -0.628 -0.046
 7.57667  31.8883  6.73219  25.1311 -0.171 -0.098 -0.006 -0.013
 7.75525  28.0261  7.57667  31.8883 -0.628 -0.046 -0.171 -0.098
21.89881  -37.365 22.10192 -39.5433 +0.102 -0.021 -0.023 -0.124
22.10192 -39.5433 22.26025 -41.3467 -0.023 -0.124 +0.044 +0.022
22.26025 -41.3467 22.48783 -43.4956 +0.044 +0.022 +0.028 -0.005
22.48783 -43.4956 22.13722 -46.9611 +0.028 -0.005 +0.129 -0.151
22.48783 -43.4956 22.71114 -46.8847 +0.028 -0.005 +0.137 -0.008
22.71114 -46.8847 22.80925 -51.3169 +0.137 -0.008 +0.108 -0.071
22.71114 -46.8847 23.17267 -45.2467 +0.137 -0.008 +0.136 -0.030
22.80925 -51.3169 23.01467 -52.7542 +0.108 -0.071 -0.067 -0.014
23.17267 -45.2467 23.11467 -43.5206 +0.136 -0.030 -0.039 -0.023
16.14617   44.935 15.87792  42.4517 -0.025 +0.038 +0.440 +0.632
  16.329  46.3133 16.14617   44.935 -0.011 +0.040 -0.025 +0.038
16.50367  21.4897 16.36533  19.1531 -0.098 -0.015 -0.047 +0.043
16.56839  42.4369   16.329  46.3133 -0.011 +0.046 -0.011 +0.040
16.68811  31.6031 16.50367  21.4897 -0.470 +0.394 -0.098 -0.015
16.68811  31.6031 16.71494  38.9222 -0.470 +0.394 +0.037 -0.083
16.71494  38.9222 16.56839  42.4369 +0.037 -0.083 -0.011 +0.046
16.71494  38.9222 17.25078  36.8092 +0.037 -0.083 -0.026 +0.004
17.00483  30.9264 16.68811  31.6031 -0.047 +0.028 -0.470 +0.394
17.24414  14.3903 17.25053  24.8392 -0.006 +0.036 -0.021 -0.157
17.25053  24.8392 17.00483  30.9264 -0.021 -0.157 -0.047 +0.028
17.25053  24.8392 17.51231  26.1106 -0.021 -0.157 +0.020 +0.018
17.25078  36.8092 17.00483  30.9264 -0.026 +0.004 -0.047 +0.028
17.25078  36.8092 17.39464  37.1467 -0.026 +0.004 -0.041 +0.004
17.25078  36.8092 17.65775  46.0064 -0.026 +0.004 -0.005 +0.005
17.39464  37.1467 17.93756  37.2506 -0.041 +0.004 +0.004 +0.006
17.51231  26.1106 17.77431  27.7206 +0.020 +0.018 -0.311 -0.751
17.77431  27.7206 17.96275  29.2478 -0.311 -0.751 +0.084 -0.017
17.96275  29.2478 18.12572  28.7625 +0.084 -0.017 +0.001 +0.009
 2.62344 -52.5431  2.67767   -54.55 +0.100 -0.019 +0.036 -0.001
 2.67767   -54.55  3.06022 -59.7378 +0.036 -0.001 -0.073 -0.067
 2.70931 -50.8003  2.62344 -52.5431 +0.334 +0.222 +0.100 -0.019
 3.06022 -59.7378  2.97994 -64.0714 -0.073 -0.067 +0.022 +0.001
 4.23336 -42.2944  2.70931 -50.8003 +0.046 -0.209 +0.334 +0.222
10.08542 -13.0647  9.85797 -14.8467 -0.037 +0.018 +0.017 -0.026
10.17647 -12.3542 10.08542 -13.0647 -0.202 -0.089 -0.037 +0.018
10.43483 -16.8364 10.17647 -12.3542 -0.128 -0.080 -0.202 -0.089
10.82708 -16.1936 10.43483 -16.8364 +0.094 +0.200 -0.128 -0.080
11.55003 -31.8578 10.82708 -16.1936 -0.206 -0.040 +0.094 +0.200
11.88183 -33.9081 11.55003 -31.8578 -0.050 +0.005 -0.206 -0.040
13.31536 -23.1717 11.88183 -33.9081 +0.064 -0.045 -0.050 +0.005
14.10619 -26.6825 13.31536 -23.1717 +0.044 -0.139 +0.064 -0.045
 8.62761   5.7036  8.64594   3.3414 -0.066 -0.007 -0.018 -0.018
 8.64594   3.3414  8.72042   3.3986 -0.018 -0.018 -0.019 -0.001
 8.72042   3.3986  8.92322   5.9456 -0.019 -0.001 -0.099 +0.014
 8.77961   6.4189  8.62761   5.7036 -0.189 -0.051 -0.066 -0.007
 8.92322   5.9456  8.77961   6.4189 -0.099 +0.014 -0.189 -0.051
 9.23942   2.3142  8.92322   5.9456 +0.129 -0.310 -0.099 +0.014
 9.45978  -8.6586  9.66428  -1.1428 -0.014 +0.033 +0.049 -0.064
 9.66428  -1.1428  9.23942   2.3142 +0.049 -0.064 +0.129 -0.310
 9.85797 -14.8467  9.45978  -8.6586 +0.017 -0.026 -0.014 +0.033
  1.9795 -61.5697  0.42919 -77.2542 +0.264 +0.027 +2.215 +0.324
 2.65983 -68.2669   1.9795 -61.5697 +0.086 -0.002 +0.264 +0.027
 3.78731 -74.2389  2.65983 -68.2669 +0.047 +0.114 +0.086 -0.002
 0.42919 -77.2542  3.78731 -74.2389 +2.215 +0.324 +0.047 +0.114
20.62611 -47.2914 21.33111 -53.4497 +0.053 +0.066 +0.105 -0.072
21.33111 -53.4497  20.9135 -58.4542 +0.105 -0.072 +0.017 -0.026
21.33111 -53.4497 21.96531 -54.9925 +0.105 -0.072 +0.048 -0.007
22.35044  46.5367 22.67525  44.2764 +0.023 +0.005 +0.094 +0.012
22.39267  52.2292 22.52153  50.2825 -0.013 -0.186 +0.138 +0.019
22.40861  49.4764 22.49217  47.7069 -0.007 -0.003 +0.002  0.000
22.49217  47.7069 22.35044  46.5367 +0.002  0.000 +0.023 +0.005
22.52153  50.2825 22.40861  49.4764 +0.138 +0.019 -0.007 -0.003
22.67525  44.2764 22.26617  37.7489 +0.094 +0.012 +0.013 +0.004
10.12222  16.7628 10.33286  19.8417 -0.002  0.000 +0.306 -0.147
10.13953  11.9672 10.12222  16.7628 -0.248 +0.006 -0.002  0.000
10.27817  23.4172  9.87939  26.0069 +0.018 -0.007 -0.216 -0.056
10.33286  19.8417 10.27817  23.4172 +0.306 -0.147 +0.018 -0.007
11.23514  20.5236 11.23733  15.4294 +0.142 -0.130 -0.061 -0.079
11.23733  15.4294 10.13953  11.9672 -0.061 -0.079 -0.248 +0.006
11.23733  15.4294 11.81767  14.5719 -0.061 -0.079 -0.497 -0.114
11.81767  14.5719 11.23514  20.5236 -0.497 -0.114 +0.142 -0.130
 9.87939  26.0069  9.76419  23.7742 -0.216 -0.056 -0.046 -0.011
 5.47075 -20.7594  5.09103 -22.3711 -0.004 -0.089 +0.025 -0.074
 5.47075 -20.7594  5.74106 -22.4483 -0.004 -0.089 -0.293 -0.370
  5.5455 -17.8222  5.21553 -16.2056 +0.001 +0.002 +0.043 -0.026
  5.5455 -17.8222  5.47075 -20.7594 +0.001 +0.002 -0.004 -0.089
 5.74106 -22.4483  5.85536 -20.8792 -0.293 -0.370 +0.227 -0.649
 5.78258 -14.8219   5.5455 -17.8222 -0.016 -0.001 +0.001 +0.002
 5.85536 -20.8792   5.5455 -17.8222 +0.227 -0.649 +0.001 +0.002
 5.94008 -14.1678  5.78258 -14.8219 -0.042 +0.139 -0.016 -0.001
14.84797 -16.0417 15.28344  -9.3831 -0.106 -0.067 -0.096 -0.019
15.06783 -25.2819 14.84797 -16.0417 -0.073 -0.043 -0.106 -0.067
15.06783 -25.2819 15.61708  -28.135 -0.073 -0.043 -0.009 +0.003
15.28344  -9.3831 15.59211 -14.7894 -0.096 -0.019 +0.065 +0.009
15.59211 -14.7894 15.06783 -25.2819 +0.065 +0.009 -0.073 -0.043
15.61708  -28.135 15.64428 -29.7778 -0.009 +0.003 -0.015 -0.030
10.46472  36.7072 10.12383  35.2447 -0.118 -0.101 +0.053 +0.004
10.46472  36.7072 10.88853   34.215 -0.118 -0.101 +0.087 -0.278
14.69883 -47.3883 15.20475 -52.0992 -0.021 -0.018 -0.112 -0.073
14.97553 -43.1339 14.69883 -47.3883 -0.035 -0.039 -0.021 -0.018
15.20475 -52.0992 15.37803 -44.6894 -0.112 -0.073 -0.019 -0.013
15.35619 -40.6475 14.97553 -43.1339 -0.015 -0.026 -0.035 -0.039
15.36344 -36.2614 15.35619 -40.6475 -0.089 -0.084 -0.015 -0.026
15.37803 -44.6894 15.58569 -41.1669 -0.019 -0.013 -0.015 -0.028
15.68647 -44.6611 15.58569 -41.1669 -0.177 -0.262 -0.015 -0.028
15.84931 -33.6272 15.36344 -36.2614 -0.006 -0.030 -0.089 -0.084
16.10986 -36.8022 15.68647 -44.6611 -0.017 -0.029 -0.177 -0.262
16.10986 -36.8022 15.84931 -33.6272 -0.017 -0.029 -0.006 -0.030
 6.32706  59.0108  6.95458  58.4225 -0.008 +0.026 -0.005 -0.135
 6.95458  58.4225  7.44522  49.2114 -0.005 -0.135 -0.013 -0.050
 7.44522  49.2114  8.14094  51.5067 -0.013 -0.050 -0.059 -0.004
 8.14094  51.5067  8.38058  43.1881 -0.059 -0.004 -0.021 -0.096
 9.31408  36.8025  8.38058  43.1881 -0.030 -0.122 -0.021 -0.096
 9.35092  34.3925  9.31408  36.8025 -0.221 +0.019 -0.030 -0.122
18.61564  38.7836   18.739    39.67 +0.202 +0.286 +0.017 +0.059
18.61564  38.7836 18.74622   37.605 +0.202 +0.286 +0.028 +0.024
18.74622   37.605 18.83467  33.3628 +0.028 +0.024 +0.003 -0.003
18.83467  33.3628 18.98239  32.6894 +0.003 -0.003 -0.002 +0.002
18.90839  36.8989 18.74622   37.605 -0.009 +0.010 +0.028 +0.024
18.98239  32.6894 18.90839  36.8989 -0.002 +0.002 -0.009 +0.010
 4.91978 -74.9369  5.04528 -71.3144 +0.024 +0.059 -0.005 +0.004
 5.53136 -76.3411  4.91978 -74.9369 +0.111 +0.283 +0.024 +0.059
 6.17067 -74.7531  5.53136 -76.3411 +0.118 -0.213 +0.111 +0.283
20.83281 -33.7797 21.02153 -32.2578 +0.010 -0.025 -0.002 +0.005
21.02153 -32.2578 21.29897 -32.1725 -0.002 +0.005 +0.058 -0.026
21.29897 -32.1725   21.346 -40.8097 +0.058 -0.026 +0.069 -0.005
 6.48028  -7.0328  6.24758  -6.2747 -0.017  0.000 -0.008 -0.019
 7.19775  -0.4928  6.48028  -7.0328 -0.001 +0.005 -0.017  0.000
 7.68744  -9.5511  7.19775  -0.4928 -0.073 -0.019 -0.001 +0.005
 8.14322  -2.9839  7.68744  -9.5511 -0.017 -0.005 -0.073 -0.019
11.76011 -66.7286 12.29281 -67.9608 -0.103 +0.037 -0.244 -0.025
12.29281 -67.9608 12.61972 -69.1356 -0.244 -0.025 -0.048 -0.013
12.54111 -72.1331 13.03783 -71.5489 -0.058 -0.002 +0.256 -0.021
12.61972 -69.1356 12.54111 -72.1331 -0.048 -0.013 -0.058 -0.002
12.77136 -68.1081 12.61972 -69.1356 -0.039 -0.017 -0.048 -0.013
13.03783 -71.5489 12.77136 -68.1081 +0.256 -0.021 -0.039 -0.017
16.05358 -49.2297 16.33067 -50.1556 +0.043 +0.010 -0.155 -0.053
16.10817 -45.1733 16.05358 -49.2297 +0.002 +0.028 +0.043 +0.010
16.33067 -50.1556 16.45308  -47.555 -0.155 -0.053 -0.005 -0.030
16.45308  -47.555 16.10817 -45.1733 -0.005 -0.030 +0.002 +0.028
14.44858 -83.6678 21.69125   -77.39 -0.105 -0.007 +0.045 -0.240
21.69125   -77.39 22.76758 -81.3817 +0.045 -0.240 -0.067 -0.001
22.76758 -81.3817 14.44858 -83.6678 -0.067 -0.001 -0.105 -0.007
16.23908  -3.6944 16.30536  -4.6925 -0.044 -0.143 +0.085 +0.041
16.30536  -4.6925 16.61931 -10.5672 +0.085 +0.041 +0.014 +0.026
16.51522   1.9839 16.23908  -3.6944 -0.027 -0.073 -0.044 -0.143
16.61931 -10.5672 17.17297 -15.7247 +0.014 +0.026 +0.039 +0.098
16.96114    9.375 16.51522   1.9839 -0.291 -0.010 -0.027 -0.073
17.17297 -15.7247 17.79822   2.7072 +0.039 +0.098 -0.022 -0.074
17.58225    12.56 16.96114    9.375 +0.120 -0.226 -0.291 -0.010
17.72456   4.5672 17.58225    12.56 -0.040 +0.159 +0.120 -0.226
17.79822   2.7072 17.72456   4.5672 -0.022 -0.074 -0.040 +0.159
17.79822   2.7072 18.01075   2.9317 -0.022 -0.074 +0.002 -0.008
18.01075   2.9317 18.09092   2.4994 +0.002 -0.008 +0.266 -1.093
 4.83067   6.9614  4.84353   8.9003 +0.466 +0.012 +0.004 -0.032
 4.84353   8.9003  4.87556  14.2506 +0.004 -0.032  0.000 -0.057
 4.85344    5.605  4.83067   6.9614 -0.001 +0.001 +0.466 +0.012
 4.90419   2.4406  4.85344    5.605  0.000  0.000 -0.001 +0.001
 4.97581   1.7142  4.90419   2.4406 -0.002 -0.003  0.000  0.000
 5.24231  -8.2017  5.79594  -9.6697  0.000 -0.001 +0.002 -0.002
 5.29344  -6.8444  5.24231  -8.2017 -0.015 -0.008  0.000 -0.001
 5.41886   6.3497  4.97581   1.7142 -0.009 -0.014 -0.002 -0.003
 5.41886   6.3497  5.53344  -0.2992 -0.009 -0.014 +0.001 -0.002
 5.53344  -0.2992  5.29344  -6.8444 +0.001 -0.002 -0.015 -0.008
 5.58033   9.4894  5.41886   6.3497 +0.002 -0.004 -0.009 -0.014
 5.67931  -1.9428  5.91953   7.4069 +0.003 -0.002 +0.026 +0.009
 5.79594  -9.6697  5.67931  -1.9428 +0.002 -0.002 +0.003 -0.002
 5.91953   7.4069  5.58033   9.4894 +0.026 +0.009 +0.002 -0.004
 5.91953   7.4069  6.03972   9.6475 +0.026 +0.009 +0.015 -0.028
 6.03972   9.6475  6.12619  14.7683 +0.015 -0.028 +0.006 -0.021
 6.03972   9.6475    6.199  14.2089 +0.015 -0.028 +0.003 -0.020
 6.12619  14.7683  5.90636  20.2761 +0.006 -0.021 -0.189 -0.084
   6.199  14.2089  6.06533  20.1383 +0.003 -0.020 +0.002 -0.006
17.76222 -64.7239 18.71725 -71.4281 -0.014 -0.054 -0.005 -0.156
18.71725 -71.4281 20.00986 -72.9106 -0.005 -0.156 +0.074 -0.132
20.00986 -72.9106 20.74931 -66.2031 +0.074 -0.132 -0.046 +0.012
20.14544 -66.1819 17.76222 -64.7239 +1.207 -1.131 -0.014 -0.054
20.42747  -56.735 20.74931 -66.2031 +0.007 -0.089 -0.046 +0.012
20.74931 -66.2031 20.14544 -66.1819 -0.046 +0.012 +1.207 -1.131
20.74931 -66.2031 21.44072 -65.3661 -0.046 +0.012 +0.079 +0.799
 0.13981  29.0906  0.22061  15.1836 +0.136 -0.163 +0.003 -0.012
 0.22061  15.1836 23.07936  15.2053 +0.003 -0.012 +0.063 -0.042
22.11686   25.345 21.74408   25.645 +0.298 +0.025 +0.034 +0.010
   22.17   6.1978 21.73644    9.875 +0.276 +0.027 +0.031 -0.001
22.69103  10.8314    22.17   6.1978 +0.080 -0.013 +0.276 +0.027
22.71669  30.2214 22.16644  33.1783 +0.015 -0.025 -0.014 -0.021
22.77553  23.5656 22.11686   25.345 +0.058 -0.010 +0.298 +0.025
22.77822  12.1728 22.69103  10.8314 +0.235 -0.498 +0.080 -0.013
22.83339  24.6017 22.77553  23.5656 +0.147 -0.042 +0.058 -0.010
23.06292  28.0828  0.13981  29.0906 +0.189 +0.137 +0.136 -0.163
23.06292  28.0828 22.71669  30.2214 +0.189 +0.137 +0.015 -0.025
23.06292  28.0828 22.83339  24.6017 +0.189 +0.137 +0.147 -0.042
23.07936  15.2053 22.77822  12.1728 +0.063 -0.042 +0.235 -0.498
23.07936  15.2053 23.06292  28.0828 +0.063 -0.042 +0.189 +0.137
 2.84494  55.8956  2.90431  52.7625 +0.017 -0.014  0.000 -0.005
 2.84494  55.8956  3.07994  53.5064 +0.017 -0.014  0.000 -0.005
 2.90431  52.7625  3.15111  49.6133  0.000 -0.005 +1.263 -0.091
 3.07994  53.5064  3.40539  49.8611  0.000 -0.005 +0.024 -0.025
 3.13614  40.9556  3.08628  38.8403 +0.004 -0.001 +0.130 -0.106
 3.15111  49.6133  3.15828  44.8572 +1.263 -0.091 +0.177 -0.157
 3.15828  44.8572  3.13614  40.9556 +0.177 -0.157 +0.004 -0.001
 3.40539  49.8611  3.71542  47.7875 +0.024 -0.025 +0.028 -0.034
 3.71542  47.7875  3.75322  42.5786 +0.028 -0.034 -0.014 -0.002
 3.71542  47.7875  4.14436  47.7125 +0.028 -0.034 +0.021 -0.030
 3.75322  42.5786  3.96422  40.0103 -0.014 -0.002 +0.018 -0.026
 3.90219  31.8836  3.73864  32.2883 +0.006 -0.010 +0.007 -0.011
 3.96422  40.0103  3.98275  35.7911 +0.018 -0.026 +0.002  0.000
 3.98275  35.7911  3.90219  31.8836 +0.002  0.000 +0.006 -0.010
 4.14436  47.7125  4.24831  48.4094 +0.021 -0.030 +0.005 -0.018
 4.24831  48.4094  4.10972  50.3514 +0.005 -0.018 -0.015 -0.036
 1.10139 -46.7186  1.52086 -49.0728 -0.027 -0.001 +0.142 +0.151
 1.10139 -46.7186  0.43806 -42.3061 -0.027 -0.001 +0.203 -0.396
 1.13975 -55.2458  1.10139 -46.7186 +0.019 +0.025 -0.027 -0.001
 1.47275 -43.3183  1.10139 -46.7186 -0.014 -0.209 -0.027 -0.001
 1.52086 -49.0728  1.47275 -43.3183 +0.142 +0.151 -0.014 -0.209
 0.43806 -42.3061  0.15686 -45.7475 +0.203 -0.396 +0.124 -0.181
 5.83047 -56.1667  5.78808 -51.0664 +0.083 -0.076 +0.011 +0.085
 6.80317 -61.9414  5.83047 -56.1667 -0.069 +0.269 +0.083 -0.076
21.74911 -33.0258 22.13972 -32.9886 +0.034 -0.094 +0.080 -0.031
22.13972 -32.9886 22.52508 -32.3461 +0.080 -0.031 +0.065 -0.018
22.52508 -32.3461 22.87544 -32.8756 +0.065 -0.018 -0.030 -0.025
22.87544 -32.8756 22.93247 -32.5397 -0.030 -0.025 +0.018 +0.031
22.93247 -32.5397 22.96086 -29.6222 +0.018 +0.031 +0.333 -0.165
22.96086 -29.6222 22.67761 -27.0436 +0.333 -0.165 +0.030 -0.001
22.96086 -29.6222 23.15744 -21.1725 +0.333 -0.165 +0.055 +0.031
 1.04906     7.89  0.81139    7.585 -0.078 +0.023 +0.085 -0.052
 1.22914  24.5836  1.32444  27.2642 +0.017 -0.023 +0.025 -0.013
 1.32444  27.2642  1.19433  30.0897 +0.025 -0.013 +0.072 -0.035
 1.52472  15.3458  1.22914  24.5836 +0.028 -0.006 +0.017 -0.023
 1.69053   5.4875  1.04906     7.89 -0.021 +0.002 -0.078 +0.023
 1.75656   9.1578  1.52472  15.3458 +0.073 +0.048 +0.028 -0.006
 2.03411   2.7636  1.69053   5.4875 +0.033 -0.005 -0.021 +0.002
 2.03411   2.7636  1.75656   9.1578 +0.033 -0.005 +0.073 +0.048
23.28608   3.2822 23.06461     3.82 +0.762 +0.017 +0.013 -0.011
23.28608   3.2822 23.46614   6.3789 +0.762 +0.017 -0.121 -0.045
23.44889   1.2556 23.28608   3.2822 +0.089 -0.097 +0.762 +0.017
23.46614   6.3789 23.66583   5.6264 -0.121 -0.045 +0.378 -0.438
23.66583   5.6264 23.70078     1.78 +0.378 -0.438 -0.129 -0.155
23.70078     1.78 23.44889   1.2556 -0.129 -0.155 +0.089 -0.097
23.98853   6.8633 23.66583   5.6264 +0.153 -0.115 +0.378 -0.438
 0.81139    7.585 23.98853   6.8633 +0.085 -0.052 +0.153 -0.115
 6.62936 -43.1961  6.83228 -50.6147 +0.002 -0.006 +0.036 -0.070
 6.83228 -50.6147  7.22039 -45.1831 +0.036 -0.070 -0.019 -0.099
 7.22039 -45.1831  6.62936 -43.1961 -0.019 -0.099 +0.002 -0.006
 7.22039 -45.1831  7.48717 -43.3014 -0.019 -0.099 -0.055 +0.187
 7.28572 -37.0975  8.05975 -40.0033 -0.009 +0.004 -0.027 +0.012
 7.48717 -43.3014  7.28572 -37.0975 -0.055 +0.187 -0.009 +0.004
 7.73014 -28.9547  8.05975 -40.0033 +0.002 +0.005 -0.027 +0.012
 7.82158 -24.8597  7.73014 -28.9547 -0.003 -0.002 +0.002 +0.005
 8.05975 -40.0033  7.48717 -43.3014 -0.027 +0.012 -0.055 +0.187
 8.12572 -24.3042  7.82158 -24.8597 -0.083 +0.049 -0.003 -0.002
 8.66839 -35.3083  8.72653 -33.1864 +0.012 -0.022 -0.011 +0.011
 8.72653 -33.1864  8.84219   -27.71 -0.011 +0.011 -0.130 +0.087
 3.73667 -64.8069  4.24042 -62.4739 +0.313 +0.076 +0.045 +0.045
 3.97908 -61.4003  4.01494 -62.1594 +0.011 -0.018 +0.002 +0.026
 4.01494 -62.1594  3.73667 -64.8069 +0.002 +0.026 +0.313 +0.076
 4.24042 -62.4739  4.27469 -59.3019 +0.045 +0.045 -0.051 -0.164
 4.27469 -59.3019  3.97908 -61.4003 -0.051 -0.164 +0.011 -0.018
23.31372 -32.5319 23.81544 -28.1303 +0.019 -0.070 +0.105 -0.106
23.54953 -37.8183 23.31372 -32.5319 +0.087 +0.021 +0.019 -0.070
23.81544 -28.1303  0.97678 -29.3575 +0.105 -0.106 +0.022 +0.004
16.00556 -22.6217 15.98086 -26.1142 -0.012 -0.022 -0.011 -0.026
16.00556 -22.6217 16.09061 -19.8056 -0.012 -0.022 -0.006 -0.019
16.00556 -22.6217 16.35314 -25.5928 -0.012 -0.022 -0.010 -0.021
16.35314 -25.5928 16.49011 -26.4319 -0.010 -0.021 -0.010 -0.020
16.49011 -26.4319 16.59806 -28.2161 -0.010 -0.020 -0.008 -0.022
16.59806 -28.2161 16.83606 -34.2933 -0.008 -0.022 -0.611 -0.255
16.83606 -34.2933  16.8645 -38.0475 -0.611 -0.255 -0.011 -0.025
 16.8645 -38.0475 16.90972 -42.3614 -0.011 -0.025 -0.124 -0.236
16.90972 -42.3614 17.20256 -43.2392 -0.124 -0.236 +0.024 -0.287
17.20256 -43.2392   17.622 -42.9978 +0.024 -0.287 +0.015 -0.002
17.56014 -37.1039 17.51272 -37.2958 -0.001 -0.029 -0.001 -0.031
  17.622 -42.9978 17.79308 -40.1269 +0.015 -0.002  0.000 -0.008
17.70814   -39.03 17.56014 -37.1039 -0.006 -0.027 -0.001 -0.029
17.79308 -40.1269 17.70814   -39.03  0.000 -0.008 -0.006 -0.027
18.48664 -14.5658 18.58678  -8.2442 +0.003 -0.002 -0.015 -0.312
18.58678  -8.2442 18.78625  -4.7478 -0.015 -0.312 -0.004 -0.016
15.58003  10.5375 15.73781   6.4256 -0.074 -0.005 +0.137 +0.047
15.73781   6.4256 15.84694   4.4778 +0.137 +0.047 +0.128 +0.063
15.76981  15.4219 15.58003  10.5375 +0.067 -0.045 -0.074 -0.005
15.81233  18.1417 15.69253  19.6703 -0.051 -0.088 -0.057 -0.046
15.81233  18.1417 15.76981  15.4219 -0.051 -0.088 +0.067 -0.045
15.81233  18.1417 15.85442  20.9778 -0.051 -0.088 -0.053 +0.019
15.81233  18.1417 15.94089  15.6617 -0.051 -0.088 +0.312 -1.281
  15.827  -3.4303 16.23908  -3.6944 -0.086 -0.024 -0.044 -0.143
15.84694   4.4778   15.827  -3.4303 +0.128 +0.063 -0.086 -0.024
17.34714 -12.8469 17.17297 -15.7247 +0.042 +0.004 +0.039 +0.098
17.62644 -15.3986 17.34714 -12.8469 -0.042 -0.058 +0.042 +0.004
17.69025 -12.8753 17.62644 -15.3986 -0.069 -0.052 -0.042 -0.058
17.98378  -9.7736 17.69025 -12.8753 -0.007 -0.116 -0.069 -0.052
18.35517  -2.8989 17.98378  -9.7736 -0.547 -0.700 -0.007 -0.116
  18.937   4.2036 18.35517  -2.8989 +0.049 +0.031 -0.547 -0.700
10.13231  -0.3717 10.50486  -0.6369 -0.016 -0.013 -0.040 -0.023
10.49131  -2.7392  9.87511   -8.105 -0.048 -0.014 -0.055 -0.040
10.50486  -0.6369 10.49131  -2.7392 -0.040 -0.023 -0.048 -0.014
 9.87511   -8.105 10.13231  -0.3717 -0.055 -0.040 -0.016 -0.013
19.78981  18.5342 19.66828  18.0139 +0.007 +0.008 +0.014 -0.021
19.78981  18.5342 19.68414  17.4761 +0.007 +0.008 +0.010 -0.032
19.97928  19.4922 19.78981  18.5342 +0.066 +0.024 +0.007 +0.008
18.09681 -30.4242 18.40286 -34.3847 -0.053 -0.185 -0.038 -0.124
18.34992 -29.8281 18.09681 -30.4242 +0.035 -0.028 -0.053 -0.185
18.40286 -34.3847 18.34992 -29.8281 -0.038 -0.124 +0.035 -0.028
18.40286 -34.3847 19.04353 -29.8803 -0.038 -0.124 -0.015 -0.002
18.46617 -25.4217 18.34992 -29.8281 -0.044 -0.185 +0.035 -0.028
18.76094 -26.9908 18.46617 -25.4217 +0.053  0.000 -0.044 -0.185
18.92108 -26.2967 18.76094 -26.9908 +0.013 -0.054 +0.053  0.000
18.92108 -26.2967 19.07806 -21.7417 +0.013 -0.054 +0.080 -0.060
19.04353 -29.8803 18.76094 -26.9908 -0.015 -0.002 +0.053  0.000
19.04353 -29.8803 19.11567 -27.6706 -0.015 -0.002 -0.053 -0.251
19.07806 -21.7417 18.96217 -21.1067 +0.080 -0.060 +0.033 -0.012
19.07806 -21.7417 19.16272 -21.0236 +0.080 -0.060  0.000 -0.035
19.11567 -27.6706 18.92108 -26.2967 -0.053 -0.251 +0.013 -0.054
19.16272 -21.0236 19.36122 -17.8472  0.000 -0.035 -0.024 +0.024
19.37731 -44.4589 19.39811 -40.6161 +0.009 -0.020 +0.030 -0.123
19.39811 -40.6161 19.04353 -29.8803 +0.030 -0.123 -0.015 -0.002
 3.45283   9.7328  3.41356   9.0289 +0.060 -0.039 -0.066 -0.078
 4.01133  12.4903  3.45283   9.7328 -0.006 -0.012 +0.060 -0.039
 4.32989  15.6275  4.01133  12.4903 +0.115 -0.025 -0.006 -0.012
 4.38225  17.5425  4.32989  15.6275 +0.107 -0.030 +0.115 -0.025
 4.42483  17.9281  4.38225  17.5425 +0.108 -0.028 +0.107 -0.030
 4.47625  15.9622  4.32989  15.6275 +0.103 -0.027 +0.115 -0.025
 4.47694  19.1803  4.42483  17.9281 +0.107 -0.038 +0.108 -0.028
 4.59867  16.5092  4.47625  15.9622 +0.063 -0.190 +0.103 -0.027
 4.70408  22.9569  4.47694  19.1803 -0.002 -0.016 +0.107 -0.038
 5.43819  28.6075  4.70408  22.9569 +0.022 -0.175 -0.002 -0.016
 5.62742  21.1425  4.59867  16.5092  0.000 -0.021 +0.063 -0.190
18.44956 -45.9683 18.18717 -45.9544 -0.016 -0.054 -0.017 -0.037
18.48053 -49.0708 18.44956 -45.9683 +0.144 -0.242 -0.016 -0.054
15.31517 -68.6794 16.81108 -69.0278 -0.072 -0.031 +0.014 -0.034
  15.612 -66.3169 15.31517 -68.6794 +0.023 -0.055 -0.072 -0.031
15.91903 -63.4306   15.612 -66.3169 -0.191 -0.398 +0.023 -0.055
16.81108 -69.0278 15.91903 -63.4306 +0.014 -0.034 -0.191 -0.398
 1.88469  29.5789  2.15906  34.9872 +0.011 -0.235 +0.150 -0.040
 1.88469  29.5789  2.28858  33.8472 +0.011 -0.235 +0.047 -0.051
 2.15906  34.9872  2.28858  33.8472 +0.150 -0.040 +0.047 -0.051
22.30836 -60.2597 22.45556 -64.9664 -0.072 -0.043 +0.071 +0.003
 23.2905 -58.2358 22.30836 -60.2597 -0.029 +0.079 -0.072 -0.043
 23.2905 -58.2358  0.52575 -62.9581 -0.029 +0.079 +0.090 -0.054
23.99861 -65.5772 22.45556 -64.9664 +0.048 -0.024 +0.071 +0.003
 0.33453 -64.8747 23.99861 -65.5772 +1.705 +1.164 +0.048 -0.024
 0.52575 -62.9581  0.33453 -64.8747 +0.090 -0.054 +1.705 +1.164
11.03069  56.3825 11.06214  61.7508 +0.082 +0.034 -0.119 -0.067
11.06214  61.7508 12.25711  57.0325 -0.119 -0.067 +0.104 +0.009
11.06214  61.7508  9.52547  63.0619 -0.119 -0.067 +0.109 +0.028
11.16106  44.4986 10.37214  41.4994 -0.065 -0.028 -0.082 +0.035
11.30797  33.0942 11.30306  31.5292 -0.026 +0.028 -0.430 -0.586
 11.7675  47.7794 11.16106  44.4986 -0.137 +0.030 -0.065 -0.028
 11.7675  47.7794 11.30797  33.0942 -0.137 +0.030 -0.026 +0.028
11.89717  53.6947 11.03069  56.3825 +0.095 +0.012 +0.082 +0.034
11.89717  53.6947  11.7675  47.7794 +0.095 +0.012 -0.137 +0.030
12.25711  57.0325 11.89717  53.6947 +0.104 +0.009 +0.095 +0.012
12.90047  55.9597 12.25711  57.0325 +0.112 -0.006 +0.104 +0.009
13.39875  54.9253 12.90047  55.9597 +0.122 -0.020 +0.112 -0.006
13.79233  49.3133 13.39875  54.9253 -0.122 -0.011 +0.122 -0.020
 8.98678  48.0417  9.54761  51.6772 -0.444 -0.226 -0.954 -0.531
 9.52547  63.0619  8.50442  60.7181 +0.109 +0.028 -0.133 -0.107
 9.54761  51.6772  9.86844  54.0644 -0.954 -0.531 -0.004 +0.021
 9.84983  59.0386  9.52547  63.0619 -0.293 -0.151 +0.109 +0.028
 9.86844  54.0644  9.84983  59.0386 -0.004 +0.021 -0.293 -0.151
14.84508  74.1556 15.34547  71.8339 -0.031 +0.012 -0.019 +0.020
15.34547  71.8339 16.29175  75.7553 -0.019 +0.020 -0.085 +0.252
15.73431  77.7944 14.84508  74.1556 +0.020 -0.001 -0.031 +0.012
16.29175  75.7553 15.73431  77.7944 -0.085 +0.252 +0.020 -0.001
16.76614  82.0372 15.73431  77.7944 +0.017 +0.006 +0.020 -0.001
17.53692  86.5864 16.76614  82.0372 +0.009 +0.056 +0.017 +0.006
 2.53019  89.2642 17.53692  86.5864 +0.038 -0.015 +0.009 +0.056
 10.7795   -49.42  9.94772 -54.5678 +0.074 -0.048 -0.010 +0.003
 8.15889 -47.3367  9.13328 -43.4325 -0.004 +0.006 -0.019 +0.013
 8.74506 -54.7083  8.15889 -47.3367 +0.023 -0.078 -0.004 +0.006
 9.13328 -43.4325  9.36856 -55.0108 -0.019 +0.013 -0.008 +0.009
 9.13328 -43.4325  9.51167 -40.4667 -0.019 +0.013 -0.182 +0.073
 9.36856 -55.0108  8.74506 -54.7083 -0.008 +0.009 +0.023 -0.078
 9.94772 -54.5678  9.36856 -55.0108 -0.010 +0.003 -0.008 +0.009
12.33178  -0.6669 11.84492   1.7647 -0.063 -0.018 +0.743 -0.271
12.69433  -1.4494 12.33178  -0.6669 -0.565 +0.012 -0.063 -0.018
12.69433  -1.4494 13.41989 -11.1614 -0.565 +0.012 -0.041 -0.028
12.92672   3.3975 12.69433  -1.4494 -0.469 -0.054 -0.565 +0.012
13.03628  10.9592 12.92672   3.3975 -0.273 +0.020 -0.469 -0.054
13.16647  17.5294 13.19789  27.8781 -0.431 +0.136 -0.801 +0.882
13.19789  27.8781 12.44897  28.2683 -0.801 +0.882 -0.083 -0.080
13.41989 -11.1614 14.26692  -6.0006 -0.041 -0.028 -0.004 -0.432
14.02744   1.5444 13.57822  -0.5958 +0.018 -0.021 -0.285 +0.042
14.26692  -6.0006 14.71767  -5.6583 -0.004 -0.432 +0.109 -0.316
14.71767  -5.6583 14.77081   1.8928 +0.109 -0.316 -0.114 -0.026
14.77081   1.8928 14.02744   1.5444 -0.114 -0.026 +0.018 -0.021
15.46381  29.1058 15.57814  26.7147 -0.179 +0.086 +0.121 -0.089
15.54883  31.3592 15.46381  29.1058 -0.019 -0.011 -0.179 +0.086
15.57814  26.7147 15.71239  26.2956 +0.121 -0.089 -0.105 +0.045
15.71239  26.2956 15.82658  26.0683 -0.105 +0.045 -0.076 -0.063
15.82658  26.0683 15.95981  26.8778 -0.076 -0.063 -0.076 -0.061
15.95981  26.8778 16.02406  29.8511 -0.076 -0.061 -0.039 -0.009
 7.14581 -70.4989   7.2805 -67.9572 +0.023 +0.106 -0.007 +0.005
  7.2805 -67.9572  8.42894 -66.1369 -0.007 +0.005 -0.036 -0.155
   7.697 -72.6061  7.14581 -70.4989 +0.030 +0.018 +0.023 +0.106
 8.13217 -68.6172    7.697 -72.6061 -0.026 +0.025 +0.030 +0.018
 8.42894 -66.1369  8.13217 -68.6172 -0.036 -0.155 -0.026 +0.025
 9.04078 -66.3961  8.42894 -66.1369 -0.002 -0.096 -0.036 -0.155
 9.18278 -58.9669  9.28483 -59.2753 -0.026 +0.008 -0.020 +0.008
19.47842   24.665 19.27028  21.3903 -0.125 -0.106  0.000 -0.009
19.47842   24.665 19.89103  24.0797 -0.125 -0.106 +0.027 +0.038
